[[0.5514906 ]
 [0.36494374]]
[[0.8147308]
 [0.3574552]]
[[0.90544856]
 [0.38997313]]
[[0.9205356]
 [0.3988841]]
[[0.910179  ]
 [0.41085196]]
[[0.96245533]
 [0.4526477 ]]
[[0.94439083]
 [0.43879804]]
[[0.9764164 ]
 [0.45421845]]
[[0.9485052]
 [0.4667404]]
[[0.9974102 ]
 [0.47129205]]
[[0.99560446]
 [0.47553977]]
[[0.99813217]
 [0.46863896]]
[[0.9609771 ]
 [0.46828845]]
[[1.0003797]
 [0.4956542]]
[[1.0235773 ]
 [0.48650068]]
[[1.0102712]
 [0.4978118]]
[[1.0454825]
 [0.4742798]]
[[1.0904716 ]
 [0.49310923]]
[[1.1041216 ]
 [0.50001246]]
[[1.1258576 ]
 [0.51900107]]
[[1.146124  ]
 [0.51527846]]
[[1.133477  ]
 [0.53124934]]
[[1.1145121]
 [0.5464853]]
[[1.1394697]
 [0.5277979]]
[[1.1291175 ]
 [0.54503816]]
[[1.1265383]
 [0.530011 ]]
[[1.102022 ]
 [0.5454581]]
[[1.1206781]
 [0.5477727]]
[[1.1078888]
 [0.5343978]]
[[1.1015427 ]
 [0.56096905]]
[[1.1061003]
 [0.549566 ]]
[[1.094039 ]
 [0.5600422]]
[[1.1009734 ]
 [0.53360003]]
[[1.1045117 ]
 [0.54855305]]
[[1.0920378]
 [0.5566841]]
[[1.0853693]
 [0.5666408]]
[[1.120049 ]
 [0.5491647]]
[[1.102062 ]
 [0.5665635]]
[[1.1068172]
 [0.5600106]]
[[1.1219205 ]
 [0.55992925]]
[[1.1036804]
 [0.5640659]]
[[1.1151661 ]
 [0.55074334]]
[[1.1064683]
 [0.5541723]]
[[1.1110995]
 [0.5501185]]
[[1.1022059 ]
 [0.56174797]]
